Floor_15 1 0 2 0.054268 0.0425127 0.31 1 0.478429 0.49236 0.432675 1 wall5 0.054268 0.0895329 0.305 1 0.536162 0.564783 0.532119 1 wall4 
Floor_1668 0 0 2 0.17784 0.028726 0.315 1 0.216604 0.272121 0.185252 1 wall7 0.82216 0.028726 0.305 1 0.564426 0.601963 0.578355 1 wall3 
Floor_1969 0 0 6 0.054268 0.132046 0 1 1 1 1 0 Floor_15 0.069304 0.132046 0.29 1 0.163684 0.203521 0.155955 1 door 0.054268 0.132046 0 1 1 1 1 0 Floor_15 0.025893 0.132046 0.305 1 0.564426 0.601963 0.578355 1 wall3 0.773541 0.132046 0 1 1 1 1 0 Floor_217 0.022726 0.132046 0.305 1 0.564426 0.601963 0.578355 1 wall3 
Floor_19729 1 0 3 0.0639732 0.01536 0.305 1 0.653148 0.656267 0.613918 1 wall2 0.0639732 0.496673 0 1 1 1 1 0 Floor_63 0.0639732 0.01536 0.305 1 0.653148 0.656267 0.613918 1 wall2 
Floor_217 0 2 2 0.059192 0.132046 0.3 1 0.171142 0.198587 0.148941 0 window2 0.042858 0.132046 0.305 1 0.564426 0.601963 0.578355 1 wall3 
Floor_263520 1 0 3 0.0476193 0.007664 0.305 1 0.552065 0.538296 0.467642 1 ex_frame1 0.0476193 0.081066 0 1 1 1 1 0 Floor_263524 0.0476193 0.007664 0.305 1 0.552065 0.538296 0.467642 1 ex_frame1 
Floor_263524 0 0 3 0.005005 0.081066 0.29045 1 0.48344 0.506059 0.460944 1 in_frame1 0.0376087 0.081066 0 1 1 1 1 0 Floor_263529 0.005005 0.081066 0.29045 1 0.48344 0.506059 0.460944 1 in_frame1 
Floor_263529 1 0 3 0.0376087 0.00614801 0.29045 1 0.48344 0.506059 0.460944 1 in_frame1 0.0376087 0.068769 0 1 1 1 1 0 Floor_263532 0.0376087 0.00614801 0.29045 1 0.48344 0.506059 0.460944 1 in_frame1 
Floor_263532 0 0 3 0.0154705 0.068769 0 1 1 1 1 0 Floor_263535 0.0066681 0.068769 0.29045 1 0.48344 0.506059 0.460944 1 in_frame1 0.0154705 0.068769 0 1 1 1 1 0 Floor_263535 
Floor_263535 1 2 2 0.0154705 0.017489 0.279999 1 0.370011 0.408565 0.381698 1 glass1 0.0154705 0.00815199 0.29045 1 0.48344 0.506059 0.460944 1 in_frame1 
Floor_353979 0 0 5 0.012537 0.106954 0.279999 1 0.370011 0.408565 0.381698 1 glass1 0.005767 0.106954 0.29045 1 0.48344 0.506059 0.460944 1 in_frame1 0.022585 0.106954 0 1 1 1 1 0 Floor_353987 0.005767 0.106954 0.29045 1 0.48344 0.506059 0.460944 1 in_frame1 0.012537 0.106954 0.279999 1 0.370011 0.408565 0.381698 1 glass1 
Floor_353987 1 0 3 0.022585 0.0723473 0.279999 1 0.370011 0.408565 0.381698 1 glass1 0.022585 0.00492691 0.29045 1 0.48344 0.506059 0.460944 1 in_frame1 0.022585 0.0296794 0.279999 1 0.370011 0.408565 0.381698 1 glass1 
Floor_5 0 0 2 0.17784 0.0160724 0.305 1 0.325536 0.358234 0.304245 1 wall6 0.82216 0.0160724 0.305 1 0.325536 0.358234 0.304245 1 wall6 
Floor_549 0 0 4 0.0557518 0.528239 0.305 1 0.653148 0.656267 0.613918 1 wall2 0.0639732 0.528239 0 1 1 1 1 0 Floor_19729 0.0557518 0.528239 0.305 1 0.653148 0.656267 0.613918 1 wall2 0.824523 0.528239 0 1 1 1 1 0 Floor_9888 
Floor_62 1 2 2 0.824523 0.096394 0 1 1 1 1 0 Floor_73 0.824523 0.037033 0.3 1 0.6799 0.669351 0.620119 1 wall1 
Floor_63 1 2 2 0.0639732 0.096394 0.3 1 0.502551 0.512913 0.462145 0 window1 0.0639732 0.037033 0.305 1 0.653148 0.656267 0.613918 1 wall2 
Floor_73 0 0 3 0.021233 0.096394 0.3 1 0.6799 0.669351 0.620119 1 wall1 0.782056 0.096394 0 1 1 1 1 0 Floor_77 0.021233 0.096394 0.3 1 0.6799 0.669351 0.620119 1 wall1 
Floor_77 0 2 2 0.0639732 0.096394 0.3 1 0.502551 0.512913 0.462145 0 window1 0.038632 0.096394 0.3 1 0.6799 0.669351 0.620119 1 wall1 
Floor_9888 1 0 3 0.824523 0.01536 0.3 1 0.6799 0.669351 0.620119 1 wall1 0.824523 0.496673 0 1 1 1 1 0 Floor_62 0.824523 0.01536 0.3 1 0.6799 0.669351 0.620119 1 wall1 
building 1 0 5 1 0.0160724 0 1 1 1 1 0 Floor_5 1 0.132046 0 1 1 1 1 0 Floor_1969 1 0.028726 0 1 1 1 1 0 Floor_1668 1 0.528239 0 1 1 1 1 0 Floor_549 1 0.018419 0.315 1 0.479787 0.47691 0.421279 1 ledge 
window1 0 0 3 0.0081669 0.096394 0.305 1 0.552065 0.538296 0.467642 1 ex_frame1 0.0476193 0.096394 0 1 1 1 1 0 Floor_263520 0.0081669 0.096394 0.305 1 0.552065 0.538296 0.467642 1 ex_frame1 
window2 1 0 3 0.059192 0.106954 0 1 1 1 1 0 Floor_353979 0.059192 0.003764 0.29045 1 0.48344 0.506059 0.460944 1 in_frame1 0.059192 0.021328 0.279999 1 0.370011 0.408565 0.381698 1 glass1 
