Floor_1 0 0 12 0.0660294 0.197916 0.3 1 0.666584 0.579242 0.523463 1 wall1 0.051343 0.197916 0 1 1 1 1 0 Floor_8 0.149398 0.197916 0.3 1 0.666584 0.579242 0.523463 1 wall1 0.051343 0.197916 0 1 1 1 1 0 Floor_8 0.114992 0.197916 0 1 1 1 1 0 Floor_1595 0.104763 0.197916 0.3 1 0.289707 0.259147 0.220929 1 door1 0.078459 0.197916 0 1 1 1 1 0 Floor_1610 0.055787 0.197916 0.3 1 0.666584 0.579242 0.523463 1 wall1 0.051343 0.197916 0 1 1 1 1 0 Floor_8 0.149398 0.197916 0.3 1 0.666584 0.579242 0.523463 1 wall1 0.051343 0.197916 0 1 1 1 1 0 Floor_8 0.075802 0.197916 0.3 1 0.666584 0.579242 0.523463 1 wall1 
Floor_104 0 0 3 0.051401 0.117807 0.3 1 0.532077 0.486439 0.45588 1 window1 0.149365 0.117807 0.3 1 0.666584 0.579242 0.523463 1 wall1 0.051401 0.117807 0.3 1 0.532077 0.486439 0.45588 1 window1 
Floor_1595 1 0 3 0.114992 0.029165 0.3 1 0.666584 0.579242 0.523463 1 wall1 0.114992 0.150596 0 1 1 1 1 0 Floor_9402 0.114992 0.018155 0.3 1 0.666584 0.579242 0.523463 1 wall1 
Floor_1610 1 0 3 0.078459 0.029165 0.3 1 0.666584 0.579242 0.523463 1 wall1 0.078459 0.150596 0 1 1 1 1 0 Floor_1613 0.078459 0.018155 0.3 1 0.666584 0.579242 0.523463 1 wall1 
Floor_1613 0 0 2 0.0201 0.150596 0.3 1 0.666584 0.579242 0.523463 1 wall1 0.058358 0.150596 0.3 1 0.265963 0.242441 0.207479 1 window5 
Floor_3971 0 0 3 0.0514008 0.163796 0.3 1 0.523015 0.503621 0.482049 1 window2 0.149365 0.163796 0.3 1 0.666584 0.579242 0.523463 1 wall1 0.0514008 0.163796 0.3 1 0.523015 0.503621 0.482049 1 window2 
Floor_6492 0 0 7 0.0659832 0.163796 0.3 1 0.666584 0.579242 0.523463 1 wall1 0.252167 0.163796 0 1 1 1 1 0 Floor_3971 0.055769 0.163796 0.3 1 0.666584 0.579242 0.523463 1 wall1 0.242389 0.163796 0 1 1 1 1 0 Floor_6502 0.055769 0.163796 0.3 1 0.666584 0.579242 0.523463 1 wall1 0.252167 0.163796 0 1 1 1 1 0 Floor_3971 0.075756 0.163796 0.3 1 0.666584 0.579242 0.523463 1 wall1 
Floor_6502 0 1 2 0.0514008 0.163796 0.3 1 0.523015 0.503621 0.482049 1 window2 0.012274 0.163796 0.3 1 0.666584 0.579242 0.523463 1 wall1 
Floor_6544 0 1 2 0.051401 0.117807 0.3 1 0.532077 0.486439 0.45588 1 window1 0.012274 0.117807 0.3 1 0.666584 0.579242 0.523463 1 wall1 
Floor_7139 0 0 7 0.0659832 0.117807 0.3 1 0.666584 0.579242 0.523463 1 wall1 0.252167 0.117807 0 1 1 1 1 0 Floor_104 0.055769 0.117807 0.3 1 0.666584 0.579242 0.523463 1 wall1 0.242389 0.117807 0 1 1 1 1 0 Floor_6544 0.055769 0.117807 0.3 1 0.666584 0.579242 0.523463 1 wall1 0.252167 0.117807 0 1 1 1 1 0 Floor_104 0.075756 0.117807 0.3 1 0.666584 0.579242 0.523463 1 wall1 
Floor_8 1 0 4 0.0513426 0.0347773 0.3 1 0.666584 0.579242 0.523463 1 wall1 0.0513426 0.0562311 0.3 1 0.289218 0.274114 0.245978 1 window4 0.0513426 0.0271066 0.3 1 0.666584 0.579242 0.523463 1 wall1 0.0513426 0.079801 0.3 1 0.251799 0.223984 0.192031 1 window3 
Floor_9402 0 0 3 0.037641 0.150596 0.3 1 0.666584 0.579242 0.523463 1 wall1 0.058358 0.150596 0.3 1 0.265963 0.242441 0.207479 1 window5 0.018993 0.150596 0.3 1 0.666584 0.579242 0.523463 1 wall1 
building 1 0 6 1 0.197916 0 1 1 1 1 0 Floor_1 1 0.022941 0.3 1 0.666584 0.579242 0.523463 1 wall1 1 0.163796 0 1 1 1 1 0 Floor_6492 1 0.062331 0.3 1 0.666584 0.579242 0.523463 1 wall1 1 0.117807 0 1 1 1 1 0 Floor_7139 1 0.039099 0.3 1 0.666584 0.579242 0.523463 1 wall1 
